6194093512333
6194092731933
6194092211933
6194091950333
6194091834933
6194091687133
6193948118733
6193947790533
6193947678133
6193947671333
6193947498333
6193947304133
6193947216933
6193947140133
6193947095133
6193947009733
6193946946333
6193804331333
6193803509933
6193803434733
6193803147533
6193803024533
6193802866533
6193802847733
6193668768933
6193665618133
6193665533533
6193665466733
6193665320333
6193665135333
6193665038933
6193550835133
6193550794733
6193550674933
6193550627133
6193550583133
6193550537133
6193550490733
6193550464933
6193550320733
6193549963333
6193549835533
6193549815333
6193461434133
6193460906933
6193460851933
6193460810333
6193460725533
6193351599133
6193351529533
6193351253933
6193351160333
6193350992333
6193350967133
6193350505733
6193350472733
6193350413933
6193350382133
6193350303133
6193350130133
6193220600533
6193220150133
6193220081533
6193219980333
6193219915733
6193219841733
6193219790333
6193219692133
6193219512933
6193219454733
6193096924533
6193096664533
6193096630133
6193096585533
6193096451533
6193096309533
6193095969133
6193095953533
6193095791333
6193095365733
6193009162933
6193008764333
6192936786733
6192936569133
6192936454133
6192935935133
6192935499533
6192935466533
6192935217933
6192935106733
6192934967533
6192934818533
6192934299533
6192934122133
6192933348733
6192933154533
6192932420333
6192932254133
6192791948733
6192791575933
6192791314933
6192790557733
6192790248533
6192790103733
6192788725333
6192788569133
6192788456733
6192788255133
6192661832333
6192661743533
6192661724133
6192661683533
6192661664333
6192661607933
6192661230333
6192661124333
6192661081533
6192661003333
6192660988533
6192660971933
6192660911733
6192660811333
6192571654733
6192571524133
6192571481533
6192571464533
6192571414533
6192571018933
6192570771733
6192570742333
6192570708333
6192570618133
6192570560933
6192570486733
6192456079133
6192455933933
6192455808733
6192455784933
6192455251933
6192454468733
6192453597533
6192453477333
6192453456533
6192453339933
6192453291933
6192453203533
6192453179933
6192452899533
6192306564933
6192306443333
6192306341533
6192301800733
6192301757333
6192301701133
6192301653133
6192301461733
6192300780133
6192300476933
6192155825733
6192155778333
6192155646733
6192155556333
6192155438333
6192155142133
6192155057733
6192155001133
6192154977133
6192105234733
6192104983533
6192009694133
6192008729933
6192008413333
6192007292333
6192006842333
6192006824933
6192006788533
6191992211133
6191991445933
6191991252133
6191991141533
6191854426133
6191854265933
6191854256733
6191854058533
6191853790533
6191853629333
6191853589733
6191853434733
6191853323933
6191853210733
6191852866133
6191852825933
6191833299733
6191765362333
6191764308133
6191720955133
6191720809933
6191720752533
6191720627733
6191720434133
6191720363533
6191720329133
6191720224533
6191707564933
6191707537333
6191707509333
6191707481733
6191707230533
6191707208933
6191707182933
6191630642333
6191630534133
6191630380533
6191630273933
6191630173733
6191630125733
6191630097333
6191629764733
6191629521733
6191629484533
6191629423133
6191629328933
6191629076333
6191628985333
6191586510933
6191586397133
6191586241133
6191586112533
6191572590533
6191572366933
6191572332533
6191571842133
6191571422933
6191571347733
6191499991133
6191499705533
6191499622533
6191498853133
6191468410333
6191443090933
6191442969933
6191439805733
6191439279333
6191438673733
6191437566933
6191437457133
6191437396733
6191437290533
6191437161933
6191345591333
6191345561533
6191345493733
6191345444733
6191303334733
6191303236533
6191290977933
6191218050333
6191217830333
6191217712733
6191216877533
6191216515533
6191216248133
6191215888533
6191215512933
6191215335933
6191215048533
6191214839733
6191214400933
6191163647533
6191162828533
6191159465133
6191077126733
6191077048933
6191076932133
6191076922333
6191076840933
6191075945533
6191075828333
6191075576733
6191002588133
6191001498533
6190996265933
6190952680733
6190952625133
6190952422933
6190952325733
6190952267333
6190952225133
6190952127733
6190952039733
6190951952533
6190951886533
6190951712733
6190951604533
6190950532533
6190950277533
6190950009933
6190856063533
6190781113133
6190780901333
6190780702933
6190780300333
6190780259733
6190780168133
6190780061333
6190779977333
6190779912133
6190779754333
6190779603533
6190660992133
6190660882733
6190660583933
6190660524333
6190660136733
6190645865333
6190644816933
6190643491533
6190643113333
6190520701733
6190520690533
6190519621333
6190519529733
6190519508533
6190518356733
6190517915933
6190517842533
6190517713133
6190448346133
6190448178333
6190358418133
6190358365533
6190358199133
6190358173133
6190358084333
6190357182533
6190357046933
6190190509333
6190189945333
6190189934733
6190189785733
6190189760333
6190188872933
6190188842533
6190188769133
6190188609133
6190187106133
6190186399133
6190121002733
6190078971333
6190078896333
6190078854333
6190078505933
6190078067333
6190078035933
6190077975133
6190070599133
6190070217133
6190069980533
6190069770933
6189997178333
6189996742133
6189996408133
6189996076333
6189995859533
6189934523133
6189934165533
6189821562133
6189821319533
6189820786333
6189820402533
6189820039933
6189820015333
6189819564733
6189818585333
6189818395933
6189817032333
6189764672133
6189666326133
6189666228733
6189666109933
6189665885533
6189665752533
6189665224533
6189664892133
6189664744133
6189664261933
6189664144133
6189663871533
6189663785733
6189663608733
6189662945733
6189662592533
6189662543533
6189589868933
6189531559533
6189531309533
6189531215333
6189531138933
6189530820333
6189529826133
6189529754933
6189529044133
6189528933733
6189528790133
6189368187933
6189367987933
6189367801133
6189367537533
6189367465333
6189367393733
6189367287533
6189366816533
6189366665733
6189366467933
6189366382933
6189366239133
6189185152533
6189185126733
6189183898533
6189183583133
6189183546333
6189182222933
6189181717733
6189181714133
6189181276733
6189181171733
6189181058333
6189179540133
6188999102333
6188998292733
6188997142733
6188996626333
6188996526133
6188996044133
6188822232933
6188821862733
6188821591133
6188821476333
6188820684533
6188820533533
6188820308333
6188819538333
6188819313333
6188652195933
6188651316933
6188651175933
6188651069733
6188650876133
6188650758333
6188650617533
6188650503333
6188650021733
6188649972733
6188649877333
6188649761133
6188649627133
6188649501133
6188479349533
6188479149933
6188478480733
6188478393533
6188478321933
6188478268533
6188478173533
6188477841333
6188477722733
6188477577933
6188377105333
6188319888133
6188319610533
6188319373333
6188319258533
6188318888533
6188318778733
6188318058533
6188169511333
6188168089733
6188167721333
6188167578933
6188166894133
6188166099133
6188165290133
6188165190733
6188164527333
6188164349933
6188164290933
6187961414733
6187961006733
6187960572733
6187959905733
6187959482333
6187959242333
6187958977733
6187958718333
6187956487533
6187955834933
6187945794133
6187943721133
6187857584933
6187660739133
6187659913533
6187658282333
6187657037133
6187656439333
6187653825933
6187651964733
6187651171933
6187650244733
6187649321933
6187532581933
6187319468133
6187313441133
6187312275533
6187311952733
6187311388133
6187311188533
6187310461133
6187309716333
6187309107133
6187304137333
6187302915733
6187192385133
6187192186133
6187192089333
6187191526333
6187174334933
6186983425933
6186983265533
6186982969733
6186982561333
6186981928533
6186981821133
6186981402733
6186981309733
6186980122133
6186979515333
6186979331733
6186979090733
6186978750933
6186978263933
6186977433533
6186976670933
6186976499333
6186975939933
6186975820333
6186972485533
6186947629533
6186946767333
6186877691933
6186876364333
6186876106533
6186836465733
6186836360733
6186691016933
6186688503733
6186688157733
6186687973533
6186687712933
6186687245933
6186687081133
6186686388933
6186685955133
6186685785733
6186685306133
6186684988133
6186684403933
6186683770733
6186683388933
6186683016333
6186682392333
6186588460333
6186569668133
6186569509933
6186568816333
6186568613333
6186568459533
6186548166133
6186517905533
6186516437333
6186516053133
6186417170533
6186416018133
6186414869133
6186414030733
6186411424733
6186399606933
6186398578133
6186397200333
6186395597533
6186395368733
6186395141333
6186394471133
6186393457133
6186393208333
6186392514733
6186391986733
6186381400533
6186347697333
6186294049333
6186081815533
6186081488333
6186080926133
6186078614133
6186078333533
6186077829733
6186077100933
6186076930133
6186076660733
6186076395133
6186076059533
6186075756333
6186075418133
6186074332933
6186073818533
6186073422733
6186072926133
6186072760333
6186071715133
6185938481533
6185938221533
6185937799533
6185937539733
6185936507733
6185936339533
6185931817933
6185931301733
6185913125533
6185759075733
6185757650933
6185757000133
6185756627933
6185756442933
6185756192933
6185755777733
6185754937533
6185753928333
6185753572933
6185752899733
6185752751533
6185751851333
6185751719333
6185751358133
6185744451733
6185712082933
6185641592133
6185623372533
6185596119133
6185587575933
6185440722333
6185437102133
6185436575133
6185435124733
6185434986933
6185434776533
6185434674733
6185434510533
6185434175733
6185433952933
6185432776733
6185432510333
6185432391733
6185431856133
6185431015933
6185429680933
6185325954133
6185322960733
6185322622133
6185267576733
6185113251933
6185113005733
6185112720333
6185111175133
6185110455733
6185110142533
6185109838333
6185109097733
6185108532933
6185108421933
6185108314333
6185108048933
6185107882333
6185107454333
6184816598333
6184816431533
6184815839133
6184814897733
6184814297733
6184813882133
6184813676133
6184812520133
6184812117333
6184811476733
6184811204133
6184810959333
6184810608533
6184810507533
6184810266333
6184810023133
6184809568533
6184809343133
6184808998133
6184807787733
6184806012933
6184805259333
6184802669133
6184641827133
6184528419933
6184527958333
6184527789933
6184527194733
6184526633133
6184524346333
6184523590133
6184522889733
6184522624733
6184521838133
6184521385533
6184520983533
6184520184733
6184519759733
6184377875533
6184374126533
6184374027133
6184281246533
6184280398933
6184275442533
6184275141333
6184274832333
6184229246733
6184228788733
6184228503733
6184228124733
6184227930933
6184227661333
6184227413733
6184227251133
6184134720933
6184134491133
6184005987733
6184005409533
6184004842133
6184003264533
6184002677333
6184001645733
6184001043133
6184000869333
6183999829133
6183999656133
6183945200933
6183944971533
6183944422533
6183944179533
6183943973533
6183943552133
6183943329133
6183824977533
6183682018133
6183681546333
6183680749533
6183679621133
6183678312333
6183678043133
6183676025933
6183675066133
6183674464933
6183673558133
6183673384933
6183673084733
6183672396333
6183390212333
6183389832333
6183387852933
6183387568933
6183322441933
6183321753333
6183245842333
6183245653533
6183222374133
6183220876533
6183220673733
6183217490933
6182983016133
6182982218533
6182982049133
6182981545333
6182981111533
6182980235133
6182979357733
6182979124133
6182978588133
6182866333333
6182866165733
6182865969133
6182859628533
6182859483733
6182859408333
6182859332133
6182859214333
6182664055133
6182663878333
6182663044333
6182643242133
6182638251733
6182527046133
6182497692733
6182491878933
6182359946333
6182323629133
6182323058933
6182322585733
6182322127133
6182321497733
6182316634533
6182315428533
6182314362533
6182314152133
6182249179733
6182248611733
6182248008133
6182077875133
6182077459733
6182077299333
6182067197733
6182065189333
6182064587933
6182062246733
6181717336333
6181713427333
6181711794533
6181711179133
6181631165533
6181630469133
6181629343533
6181628793533
6181626796133
6181570283933
6181375466733
6181375162533
6181374830533
6181372248733
6181068581133
6181068409733
6181068206933
6181067812733
6181067183933
6180973462933
6180970603933
6180970386933
6180970101533
6180736874933
6180734961533
6180731957933
6180731081533
6180727417333
6180716696333
6180593065333
6180591090533
6180440785333
6180440683133
6180439094933
6180435962933
6180435932933
6180016496133
6179836906933
6179834474533
6179789859533
6179789660133
6179555226733
6179554666533
6179549670933
6179107137333
6178613148733
6178612840533
6178612463133
6178612101933
6178320376533
6178320199533
6178319219933
6178318614133
6178318388533
6178316951333
6178316861133
6177914457533
6177914249133
6177913998133
6177913675933
6177913564133
6177913263733
6177519419333
6177518728133
6177518455133
6177517966533
6177515414733
6177509025533
6177507971333
6176864471133
6176863856733
6176371998133
6176035091333
6175978394733
6175499471533
6175137491133
6175137332133
6175136809333
6175136497333
6175135839933
6174959614333
6174959205133
6174959070133
6174742073333
6174611177733
6174586148933
6174583055133
6173700501533
6173692805333
6173689686133
6173495664933
6173304231133
6173300025533
6172098072933
6171889919533
6171889734933
6171745693333
6171718825933
6171718270533
6171717919933
6171717098533
6171716362933
6171715767133
6171713013133
6171590603133
6171298663133
6171249648333
6171240797533
6170866466533
6170866016133
6170825780333
6170825472533
6170825299133
6170646065133
6170645802933
6170638442733
6170633247533
6170632490533
6170525806133
6170378538733
6170377492133
6170225591733
6170018604933
6170018041133
6170017261533
6170016317533
6170012477933
6169862140133
6169852160933
6169851934733
6169848802733
6169744587133
6169425360333
6169424924733
6169424264733
6168882168733
6168882042933
6168478216733
6168092918933
6168089754933
6168088301333
6168088060933
6167555041133
6167555009533
6167554981733
6167554913133
6167554136333
6167328718533
6167101335933
6166998588933
6166974114733
6166815372533
6166674023933
6166294044333
6166290346733
6166270098933
6166270011933
6166248144933
6165809821933
6165450583533
6165220424733
6165042832333
6165042772933
6164874520733
6164771858733
6164173309933
6163602204533
6163601211533
6163181813733
6163178410733
6162714742333
6162711554133
6161163806333
6161159242333
6160507620733
6160492476133
6160492426533
6160492316533
6160330416333
6158838416333
6157907767733
6157829945533
6157505066333
6156584834733
6156211276333
6156210080533
6155232967133
6155232702333
6152370292533
6151966843533
6151370368333
6149205439933
6148305327733
6148305258133
6147989297933
6147618868733
6147618677133
6147064411533
6146055935933
6142885649333
6142879268933
6142878825733
6142878696933
6142376407333
6142171709733
6142168349133
6141890775133
6141885775533
6141866663733
6141718976333
6141718891933
6141492229533
6141176347533
6141176140733
6139537074933
6137950092933
6137668827133
6137668787733
6137076930933
6136270893533
6135535433533
6134909187333
6134780291733
6134481820933
6134116834333
6133864392933
6133796826733
6133531310933
6133529554133
6133318431733
6133318406733
6133217416933
6133116494533
6133116443333
6132991444533
6132991378533
6132991367733
6132991236533
6132991206933
6132991185533
6132991137733
6132991061533
6132991036733
6132991025133
6132990711733
6132990645333
6132990638533
6132990459333
6132990382133
6132882426533
6132881366333
6132881067933
6132826788933
6132826568533
6132826556333
6132826471133
6132767890933
6132767804733
6132744399133
6132744345133
6132744234933
6132658730333
6132658177533
6132658104933
6132657702933
6132657258133
6132657224333
6132624484333
6132624453533
6132624337933
6132582969733
6132537365933
6132536793533
6132536622133
6132495392733
6132406444133
6132406393333
6132406370933
6132406177733
6132405976333
6132400720533
6132400697733
6132400630333
6132308458933
6132298172533
6132298153733
6132222902933
6132222869533
6132222855333
6132222793933
6132222712133
6132222370533
6132200721733
6132200671733
6132199675333
6132145030133
6132145021933
6132144979533
6132144934133
6132144524533
6132090819933
6132090794133
6132090707333
6132074117133
6132074032933
6132073942533
6132073912533
6132073813333
6132073706533
6132060474133
6132060362933
6132059477933
6132059438133
6132059404933
6132059378933
6132053048333
6132047702133
6132043117533
6131969762733
6131957966733
6131957305133
6131957274533
6131957241333
6131957210333
6131957139533
6131957118333
6131957058533
6131957018333
6131957000533
6131956930333
6131956255333
6131956240933
6131956204933
6131955328133
6131954126933
6131890806533
6131890785933
6131890712533
6131890580133
6131890561933
6131863491933
6131862854533
6131862825933
6131853473533
6131830212933
6131769980533
6131769913133
6131769857733
6131769827933
6131769727533
6131769704733
6131769611533
6131769605733
6131768165933
6131768155133
6131767910933
6131767889333
6131767804533
6131767773533
6131767722133
6131767663133
6131765773733
6131765676533
6131765265733
6131765247333
6131757751533
6131744549333
6131744537133
6131656781333
6131656747533
6131612091133
6131611875533
6131611800933
6131611778333
6131611751733
6131611675333
6131611632933
6131585364333
6131585287933
6131585231733
6131578878933
6131569543533
6131501655133
6131501566733
6131477153733
6131477113333
6131477086533
6131477074133
6131413075133
6131413035733
6131412714933
6131412299733
6131412253133
6131411977333
6131411913933
6131411685733
6131411641333
6131411357333
6131406862133
6131406561733
6131406500533
6131404119733
6131396548333
6131394984333
6131313687133
6131313649733
6131313622733
6131313598133
6131313539333
6131313494533
6131313476133
6131313436333
6131313243133
6131313230733
6131313217133
6131313206533
6131227943133
6131227871733
6131227844533
6131227826333
6131227677333
6131227626533
6131227603933
6131227512133
6131227449733
6131227415333
6131227379133
6131202157533
6131170066733
6131170039333
6131169672933
6131169581533
6131128170133
6131085615133
6131085400933
6131085354133
6131085324733
6131084988133
6131084925533
6131084882533
6131084858733
6131084831533
6131084765133
6131084718333
6131084647533
6131084601533
6131084561933
6131084496733
6131084449533
6131084367533
6131084104533
6131083985533
6131082957133
6131082940733
6131082758333
6131082387933
6131046347333
6131046091933
6131039550933
6131039527733
6131039494733
6131039424933
6131039342933
6131039319933
6131039229333
6131039111733
6131039018333
6131028399733
6131028350933
6130966534533
6130966500933
6130966407933
6130966327533
6130966316533
6130966000533
6130965878933
6130965561533
6130965418533
6130965108333
6130961409533
6130961352933
6130961316733
6130952075733
6130952063133
6130952027133
6130950811533
6130950645533
6130949730133
6130949619533
6130940806533
6130940791933
6130884530533
6130884502533
6130884299133
6130884271533
6130883605733
6130883596733
6130883568933
6130883319533
6130881276333
6130865409533
6130865317533
6130864123533
6130821816933
6130821805733
6130821750133
6130718871133
6130718844933
6130665585533
6130665493333
6130665456733
6130665355333
6130665340733
6130647098133
6130647077333
6130646881133
6130585610133
6130585547133
6130579879333
6130566163133
6130566128733
6130564815733
6130563595733
6130563525333
6130563506933
6130499401933
6130499247733
6130476041533
6130475972533
6130391833933
6130377214333
6130343018533
6130342962733
6130314145533
6130314127933
6130289836533
6130265140733
6130265097533
6130264916933
6130264852333
6130264785333
6130264776133
6130264721533
6130204655933
6130204550133
6130204437933
6130204407733
6130204279533
6130204221333
6130204203533
6130204168133
6130204148333
6130204136733
6130204119333
6130204087333
6130204063533
6130204020133
6130203977133
6130114895933
6130114880133
6130114790133
6130114753333
6130079223533
6130077905133
6130077715133
6130077404333
6130077354933
6130077299133
6129974305333
6129970966933
6129930788733
6129898776133
6129898552133
6129897563133
6129786592333
6129786545333
6129786502933
6129786261333
6129786235133
6129786179133
6129785040533
6129783816733
6129692192333
6129692185933
6129692179333
6129609952733
6129608214133
6129608159333
6129608123133
6129608056133
6129608012133
6129607960133
6129492176133
6129426288533
6129426252133
6129426076533
6129426000533
6129337350533
6129337293133
6129336683533
6129330692733
6129330095333
6129329993933
6129329899733
6129329848933
6129329821933
6129329792533
6129306535733
6129306259533
6129247434533
6129247306533
6129247284533
6129247110933
6129246984133
6129246941533
6129204153533
6129110417933
6129110382733
6129109272533
6129109241333
6129108503133
6129108458733
6129056406733
6129056375333
6129056352133
6129056337533
6129055741333
6129055512533
6129055469533
6129055461533
6129055451133
6129055440333
6129055432533
6129047418933
6129018998133
6128962723333
6128962666733
6128962530733
6128962417133
6128962309333
6128962234133
6128962125533
6128962035333
6128896250333
6128895924133
6128895903533
6128895660933
6128895634533
6128895572733
6128895530133
6128804984333
6128804886733
6128804640133
6128804590533
6128797988333
6128797912533
6128797605533
6128797586733
6128797436133
6128709753933
6128706262333
6128704842333
6128630149133
6128612949533
6128612930533
6128612458333
6128612433533
6128520791533
6128520471533
6128520424133
6128462152533
6128461731533
6128461674533
6128461642133
6128461594533
6128328329533
6128327440933
6128327430333
6128327064733
6128327039933
6128326282133
6128281628333
6128281571333
6128281507733
6128233032133
6128232936533
6128232739333
6128229807733
6128229787533
6128229758533
6128218155533
6128090170533
6128090101333
6128089986533
6128024436733
6127991505533
6127990850733
6127990641533
6127990246733
6127990072533
6127990010533
6127989949933
6127989744733
6127904322733
6127904104133
6127903481333
6127903457933
6127903376733
6127883048533
6127883030133
6127883013933
6127871000933
6127832263333
6127832241133
6127832208533
6127832158733
6127832105533
6127732036933
6127731419133
6127730879733
6127730479533
6127730358133
6127729832933
6127729520933
6127729374533
6127729323933
6127715854933
6127715757933
6127715494733
6127669783533
6127669101133
6127615197533
6127614943933
6127518633733
6127518537133
6127518007533
6127517946333
6127517845533
6127517308733
6127424770333
6127421093933
6127372410133
6127372117733
6127372057133
6127372016933
6127329928733
6127329856333
6127329318133
6127329284133
6127329268933
6127329224333
6127329195933
6127329156733
6127329110733
6127328998933
6127328942533
6127328286133
6127327882733
6127327853533
6127235547133
6127235524133
6127235491533
6127235411133
6127235389533
6127235360133
6127218585533
6127218563333
6127218540933
6127146372933
6127000510733
6126955125933
6126954991733
6126954895333
6126954441933
6126954406733
6126904859333
6126903966533
6126903691333
6126902228533
6126902140733
6126797107933
6126797076533
6126795907733
6126795851333
6126795614733
6126795549733
6126795445333
6126790545733
6126712530733
6126695824533
6126695793333
6126660096733
6126660076333
6126660054933
6126660029933
6126659994533
6126659912933
6126659855133
6126659840533
6126659825733
6126659777133
6126659768933
6126659740733
6126659692533
6126659630133
6126659522533
6126659212533
6126561315733
6126561125933
6126561096933
6126561031533
6126561000333
6126560967533
6126560309733
6126559750333
6126559511333
6126469515533
6126469469733
6126467563733
6126413722733
6126413692933
6126413381933
6126388988533
6126387163333
6126382836133
6126377658333
6126377619733
6126376716733
6126375432733
6126375381133
6126375030333
6126374989933
6126374951733
6126346531933
6126346429733
6126346253933
6126243103533
6126242811533
6126242746133
6126242668733
6126242517933
6126174002933
6126081075333
6126049672733
6126049657333
6126049625933
6126049576733
6126049557933
6126049530533
6126049501933
6125966095333
6125966033533
6125966021133
6125965961733
6125965913133
6125953624933
6125941217733
6125848807133
6125848652933
6125848398333
6125847760133
6125844853933
6125734157133
6125733993733
6125733962933
6125656307933
6125656188333
6125655983733
6125655807733
6125655428533
6125631198333
6125630733933
6125561354333
6125561281333
6125561198133
6125561101133
6125560997533
6125560935533
6125560912933
6125560867333
6125560827333
6125560778933
6125560730533
6125560652733
6125560611533
6125529772733
6125490186133
6125490163933
6125490139733
6125462640133
6125462607333
6125436532533
6125436391133
6125436291933
6125436244333
6125436215933
6125436167333
6125436148133
6125436089533
6125411043533
6125411012133
6125410968933
6125410940333
6125410877533
6125410831533
6125347432533
6125347420733
6125347361933
6125347337933
6125346869733
6125346795933
6125346726533
6125346575333
6125346510733
6125265806733
6125265723733
6125231238333
6125231208533
6125231094133
6125230842333
6125230611533
6125230576933
6125230519333
6125165416933
6125165245133
6125165054933
6125164987533
6125164930533
6125135847533
6125090172533
6125090033533
6125089873733
6125089834133
6125089695733
6125089653133
6125089608733
6125089538133
6125089522533
6125089428533
6125049470333
6125049446333
6125027442333
6125021411133
6125021282533
6125021260733
6125021151133
6124965617733
6124965259933
6124965102933
6124965017333
6124964977333
6124964926933
6124964620933
6124964218733
6124930800733
6124930765333
6124930184133
6124930143933
6124930055133
6124929901333
6124837561333
6124837529933
6124837174133
6124764086133
6124763451133
6124763374333
6124703244933
6124703225733
6124703062733
6124702555333
6124609209133
6124609137133
6124608757333
6124608709133
6124608665933
6124608542533
6124608156733
6124523985333
6124523947133
6124523913333
6124523873733
6124523762933
6124523735933
6124523677333
6124523571533
6124523527733
6124412315733
6124412299933
6124320291333
6124320245133
6124320210533
6124278915333
6124278808133
6124278728133
6124278557533
6124278414333
6124278353533
6124268703533
6124200589933
6124200554533
6124200486133
6124200470133
6124200442133
6124200430533
6124170603133
6124139968133
6124139942733
6124139922533
6124138548533
6124138499733
6124138411533
6124138385333
6124138362533
6124138327133
6124138281733
6124138244133
6124138131333
6124138063333
6123989440333
6123989397933
6123989356933
6123989341733
6123989327933
6123989309533
6123989290733
6123989258533
6123989216933
6123989194533
6123989095133
6123898689733
6123857077133
6123856952733
6123856909333
6123856863133
6123856856133
6123856739733
6123856701533
6123856669133
6123856630733
6123856419533
6123856144533
6123856074933
6123856021533
6123855985533
6123855909133
6123855802333
6123818076533
6123818057933
6123818044533
6123818036133
6123818024733
6123818002733
6123817807333
6123817782333
6123817760133
6123817390533
6123817324133
6123740525533
6123740478333
6123740231133
6123703818133
6123703702533
6123703625333
6123678965133
6123678585933
6123678574733
6123678558333
6123678348933
6123657252933
6123656965333
6123656833333
6123656768733
6123656690533
6123656674133
6123656647733
6123656623933
6123633358333
6123632261933
6123632144933
6123632106933
6123631999733
6123605527133
6123605486533
6123605466533
6123605447733
6123605418333
6123605395133
6123605384733
6123605340733
6123605316933
6123605281333
6123604977933
6123548590333
6123547031133
6123546957933
6123546948333
6123546937533
6123546922133
6123546885933
6123546712333
6123546694733
6123546683533
6123464598733
6123464085333
6123463291533
6123463236133
6123463094533
6123462911933
6123462361733
6123462346733
6123462319333
6123462268333
6123462190133
6123462093533
6123462025133
6123461681733
6123396336133
6123395988733
6123395962133
6123375681733
6123375652933
6123375567533
6123375185333
6123304849933
6123304620133
6123304586933
6123304562533
6123286485133
6123286441933
6123284439933
6123284336533
6123283862133
6123283792933
6123283760533
6123283719333
6123210237933
6123196952133
6123196771333
6123196740733
6123196716933
6123196671133
6123196623333
6123196608333
6123140159733
6123125667333
6123125641533
6123125633133
6123125620333
6123124011533
6123123817933
6123123692533
6123118494733
6123084455933
6123084138933
6123084098933
6123061141133
6123061086933
6123061049333
6123060977133
6123060965933
6123060952933
6123060945533
6123060921133
6123060904933
6123060874533
6123060848333
6122990515133
6122990505933
6122990497133
6122990481533
6122990295933
6122990145533
6122990122533
6122912255133
6122912214733
6122911795133
6122911716533
6122911285733
6122911216533
6122911178733
6122826677133
6122825149533
6122825131333
6122825048133
6122825002333
6122824981933
6122824917733
6122821421733
6122821282133
6122747179933
6122727772133
6122726726133
6122726675933
6122726640533
6122726615333
6122726598333
6122657062533
6122656990733
6122656013533
6122655926133
6122636091133
6122636011533
6122632525733
6122632031533
6122597139333
6122597013733
6122596810733
6122596746533
6122561276733
6122561184733
6122553352333
6122551981133
6122551944333
6122544436533
6122518525933
6122518502733
6122518462533
6122488568333
6122488499533
6122488445333
6122460535733
6122460480933
6122460457533
6122460351533
6122460325333
6122460284933
6122438865733
6122425679133
6122425649333
6122425626733
6122235841133
6122235338733
6122235269133
6122234416333
6122233830733
6122233723933
6122233716133
6122233695133
6122233628333
6122231221133
6122124278933
6122124272733
6122120201333
6122014572533
6122014469333
6122014336533
6122014283133
6122014253933
6122013662133
6122013639133
6122013112733
6121940972933
6121921666533
6121921642533
6121921635333
6121921613333
6121921581333
6121921379533
6121921330133
6121919201733
6121919098933
6121852012333
6121851875533
6121851814133
6121851719333
6121775419933
6121704280933
6121704182733
6121703689333
6121703504133
6121703435733
6121703368333
6121703309533
6121703209333
6121703109933
6121703069533
6121702985933
6121702871333
6121702767533
6121462883533
6121462813933
6121462646533
6121462580533
6121462505533
6121462313933
6121388870333
6121388602333
6121388263133
6121388217733
6121388143933
6121387398533
6121363267333
6121325896733
6121325781933
6121325589333
6121325428133
6121325002533
6121289844533
6121269310933
6121214286933
6121213376933
6121213323133
6121213261333
6121213208533
6121213154133
6121213134533
6121213117533
6121122746133
6121122642733
6121122550133
6121122440133
6121122299733
6121122110133
6121121943533
6121082962933
6121082926733
6121082779733
6121082591733
6121082552733
6121082527533
6121082497333
6121077891533
6120988093933
6120988059933
6120987984133
6120987894333
6120987427133
6120987337333
6120986955133
6120986521733
6120986396133
6120985816333
6120985665333
6120985571733
6120906317333
6120906211333
6120898985533
6120898509133
6120898350733
6120898199533
6120828027333
6120827960533
6120827786133
6120827679933
6120806826133
6120806755733
6120806721733
6120806624133
6120806025933
6120805963733
6120805773133
6120805521533
6120805243133
6120804219133
6120804188533
6120804106933
6120731512733
6120710597533
6120710571333
6120710333333
6120710309733
6120710287533
6120710259733
6120710221133
6120710172933
6120710126333
6120646096933
6120646075333
6120646020933
6120645982933
6120645886133
6120645847333
6120645828333
6120645772933
6120645694533
6120585852333
6120585122333
6120585078333
6120584981733
6120584699733
6120514707333
6120514616533
6120495757933
6120495384533
6120495357933
6120495296733
6120495232133
6120495186533
6120495152933
6120495126133
6120495103733
6120495076533
6120495046533
6120494957333
6120493774333
6120388682933
6120387388333
6120387306733
6120387041933
6120387003133
6120386876933
6120386821733
6120386407333
6120295552933
6120295118933
6120293919933
6120293882133
6120293813933
6120292928333
6120292904333
6120256075933
6120251876533
6120238203333
6120223740333
6120220937333
6120202205733
6120200855933
6120200806533
6120200791133
6120200746533
6120200609333
6120200597533
6120200544533
6120139777333
6120139720133
6120139679133
6120139637733
6120114628533
6120114425933
6120092069533
6120092053933
6120092007533
6120091789533
6120091756733
6120091726533
6120091702733
6120091621733
6120091543933
6120091514133
6120091381933
6120091019133
6120090957333
6120025908533
6120025879933
6120025845733
6120025812933
6120025750733
6120025707533
6120025701733
6120025638133
6120025630933
6119990922333
6119958713533
6119958517333
6119958489933
6119958414333
6119958249133
6119958132333
6119958063333
6119958051733
6119957967533
6119957647533
6119957601733
6119957566333
6119957165733
6119957087133
6119923854133
6119923762933
6119923704133
6119923502533
6119923190533
6119923166333
6119901508133
6119901340733
6119900655933
6119900204333
6119899981933
6119858593533
6119857147933
6119823736133
6119823683933
6119823549133
6119823387333
6119813316733
6119813303333
6119785737733
6119785619933
6119785533733
6119785489733
6119785445333
6119785412933
6119785384933
6119785362333
6119785306133
6119785209733
6119785180333
6119785151933
6119785111333
6119785057733
6119785010933
6119757787933
6119744364933
6119743820533
6119743750733
6119740840933
6119703799333
6119700991733
6119700824933
6119700722933
6119700563733
6119699981133
6119674243133
6119665428133
6119664854133
6119664746133
6119604860333
6119604635133
6119604534933
6119570044933
6119570016733
6119569985533
6119569969533
6119565010933
6119555664333
6119555563133
6119532320133
6119532261533
6119532176533
6119532111533
6119532075933
6119532040333
6119531986733
6119531972533
6119531940533
6119531888733
6119531858733
6119531849333
6119531566733
6119531384933
6119531359133
6119531267333
6119531221133
6119531200733
6119504456133
6119504440733
6119504421133
6119504407733
6119500273933
6119478158333
6119477958933
6119477819333
6119477742333
6119477666133
6119477624533
6119477582333
6119477094733
6119477068933
6119477055133
6119477043333
6119477004733
6119476980333
6119476899733
6119476887533
6119476853733
6119446462133
6119410619533
6119410393133
6119410259533
6119410147733
6119410060133
6119409912933
6119360659933
6119323791733
6119292352333
6119292187333
6119268090733
6119253993333
6119253848133
6119253788133
6119253693333
6119253617133
6119253562133
6119253489533
6119253440133
6119253079533
6119253056733
6119186714333
6119186681333
6119186664933
6119186632533
6119186594733
6119186541333
6119185367933
6119143718133
6119143670933
6119143589533
6119142754933
6119142634733
6119142573933
6119142561933
6119142537333
6119108124333
6119108008333
6119108000933
6119096649133
6119093902933
6119092880333
6119092500733
6119087065133
6119055298733
6119054800933
6119054626933
6119054577333
6119054556933
6119054531133
6119044346933
6119044201733
6119044186333
6119026783933
6119024462533
6119018630533
6119014600933
6119006317933
6119005450133
6119004795533
6118982967133
6118982535333
6118982476133
6118982450733
6118982267333
6118982242133
6118981979733
6118981968533
6118981935733
6118968897733
6118968882533
6118968823933
6118968794733
6118958135533
6118958114333
6118958090933
6118957941333
6118957287933
6118945707333
6118945553533
6118945529133
6118945499133
6118945215733
6118944976533
6118899688333
6118899667333
6118899653333
6118899630133
6118899617333
6118899584733
6118899561533
6118897380933
6118891127733
6118891107533
6118891080733
6118857534533
6118857245933
6118857141533
6118856637933
6118835866133
6118829133333
6118807963133
6118805463133
6118805069533
6118804486733
6118804275133
6118624647533
6118567579133
6118511729533
6118468685933
6118355739533
6118114001133
6117909989533
6117585727933
6117576317133
6117283149333
6116814860533
6116675740733
6116495440733
6116428344533
6116299641333
6116109190133
6116030518933
6115932730333
6115292570333
6115264274933
6115095938933
6115005972933
6114461628333
6114460944733
6114437453133
6114437431933
6114437400933
6114436968533
6114412060733
6114362336333
6114329966933
6114329655533
6114328661333
6114326382333
6114324272733
6114224978533
6114224823533
6113885041533
6113880869533
6113754496133
6113754413133
6113754278333
6113492119933
6113424723333
6113410181733
6113403096733
6113400960333
6113399618733
6113333629733
6113307324933
6113241939133
6113187703933
6113187617733
6113098825133
6113095994533
6113095931333
6112706260933
6112706026933
6112670985333
6112670319733
6112429140133
6112429070933
6112428512533
6112240217333
6112240180733
6112147718933
6112140319733
6112140108133
6112140089533
6112029470333
6112029453533
6111961797733
6111940696533
6111849437933
6111849001933
6111848192933
6111847947333
6111847874733
6111847605533
6111846752733
6111846718533
6111750358933
6111640374933
6111226241133
6111072218133
6111072073733
6111070972333
6111020474133
6111020448733
6111020436133
6111016980133
6110903893733
6110716011533
6110706227933
6110617284333
6110529557933
6110446061533
6110420473333
6110420459733
6110338863133
6110015649733
6109927135133
6109863723133
6109766787133
6109765592933
6109755043533
6109567418933
6109567369333
6109565946333
6109557156133
6109473569933
6109473544333
6109473391333
6109473357133
6109473293733
6109473262133
6109246976133
6109188107333
6109188060333
6109163801933
6109163025933
6109114834933
6109114609733
6109114209733
6108867379933
6108800546733
6108800464933
6108800169933
6108800054933
6108799982133
6108792925733
6108787171933
6108787163333
6108780261333
6108774138733
6108774059533
6108710961133
6108704732933
6108688783133
6108688177733
6108688120533
6108633005733
6108627730533
6108627684133
6108627455933
6108606215333
6108606183133
6108499090533
6108411897933
6108411046333
6108410891133
6108410798733
6108352068333
6108352035133
6108351878533
6108325814933
6108256735733
6108256628733
6108239512933
6108169964933
6108148534933
6108067620733
6108067162933
6108067125933
6108067053333
6107984106533
6107983880933
6107983705533
6107891702333
6107866128333
6107776136133
6107680924933
6107596737333
6107524661733
6107524551533
6107524319133
6107505470533
6107502743733
6107502173133
6107326818533
6107325653533
6107232783933
6107232010333
6107013096533
6107012447133
6107010021933
6107009439333
6107009208333
6106898598933
6106898529733
6106897493333
6106870839933
6106797333133
6106797023133
6106791118733
6106711152533
6106710373933
6106704588533
6106704499933
6106630018333
6106629836533
6106629570933
6106628432733
6106628386733
6106573842133
6106546890133
6106546748733
6106543237133
6106519109533
6106519027533
6106518697333
6106366378133
6106366357533
6106366338733
6106366266133
6106366249133
6106366209733
6106289962133
6106225436133
6106225243333
6106047070533
6106047037133
6106045938933
6106045020533
6106044953933
6106044914533
6106044861333
6105956314533
6105956129333
6105948650533
6105862262733
6105853343333
6105853209533
6105853197933
6105779866733
6105763519533
6105763493133
6105761587533
6105690682733
6105615745533
6105615007933
6105614696133
6105528077533
6105527369733
6105527305333
6105527243933
6105527227933
6105358653933
6105357984333
6105352589333
6105351878133
6105351827333
6105235491733
6105235240533
6105142757333
6105142147533
6105142128333
6105078967733
6105078921333
6105078420933
6105002436733
6105002324533
6104930437733
6104917848533
6104822926133
6104736448333
6104685816133
6104659090133
6104655170933
6104655045333
6104586936133
6104586201133
6104586048733
6104579562333
6104565847733
6104565813933
6104565438933
6104445832333
6104343896133
6104178522333
6104165987333
6104152952733
6104152744533
6104152424533
6104095031733
6104095013133
6104071665133
6103986752933
6103931071533
6103765950333
6103675924933
6103675216733
6103586870333
6103523844733
6103523637933
6103423037733
6103422221333
6103421860733
6103421677533
6103421047933
6103357925133
6103357837133
6103357759133
6103357240133
6103357219133
6103357131133
6103308413933
6103216487733
6103215994333
6103045258933
6102862295933
6102862177133
6102862162533
6102862063533
6102861988333
6102861956533
6102861867533
6102663834333
6102570713533
6102507874133
6102507822533
6102494775333
6102494631133
6102483209533
6102400267133
6102311596933
6102311463533
6102221033533
6102190649533
6102118762933
6102094459133
6102055597533
6102055414333
6102055111933
6102054304533
6102009505533
6102009470533
6101996624533
6101961580933
6101918198533
6101917421333
6101916587333
6101860977533
6101829886933
6101795641733
6101795246533
6101794722533
6101756546933
6101756541133
6101755671733
6101755624133
6101755611733
6101755474933
6101667892533
6101559774133
6101559704133
6101559517933
6101467599333
6101467473733
6101467458533
6101438128333
6101420726333
6101420583333
6101420503733
6101410106333
6101409807733
6101382980733
6101382291733
6101382270133
6101382206133
6101380757533
6101347293533
6101347174133
6101339201333
6101339086133
6101320837933
6101313831533
6101312493533
6101311957533
6101302697933
6101297443733
6101296116933
6101296047533
6101295174133
6101289643533
6101289614133
6101252732733
6101244587733
6101243945733
6101243817533
6101239952333
6101230685333
6101224524133
6101206535733
6101206437333
6101205851333
6101205771533
6101205636733
6101181114733
6101180965333
6101180369133
6101180182533
6101179979133
6101178318533
6101163920533
6101163561933
6101160599333
6101137887733
6101137868733
6101121122133
6101120998133
6101120939933
6101120595333
6101120067333
6101119665333
6101119574333
6101119457933
6101119404333
6101106585933
6101106528533
6101106003933
6101084174533
6101051410933
6101051302733
6101051120733
6101050657933
6101001838533
6101001789533
6101001675733
6101001616733
6101001457733
6100970619933
6100970009133
6100918365533
6100917858333
6100797991333
6100797812533
6100797795133
6100797613133
6100797188133
6100796955333
6100795244733
6100746767733
6100746763533
6100667265733
6100664894133
6100402318933
6100290242333
6100229892533
6100229747933
6100211497733
6100210874733
6100206021933
6100205293933
6100098289133
6100021103533
6099756060933
6099756031333
6099679670133
6099679637933
6099679589333
6099679506133
6099579586533
6099576867333
6099576000333
6099459400333
6099457477933
6099457239533
6099456887933
6099456051933
6099357545333
6099357053933
6099322750733
6099322642333
6099244473533
6099244436333
6099236514133
6099236114933
6099235990733
6099160823333
6099143680733
6099143103533
6099106573733
6099080867133
6099072764733
6099072740733
6099072698333
6099069178533
6099003674933
6099003636333
6099000985333
6098980695133
6098980123133
6098980047933
6098980042533
6098956926533
6098956313933
6098956063333
6098955650333
6098955435133
6098954686533
6098954511533
6098954324333
6098953833933
6098953800733
6098953545933
6098863999933
6098826019933
6098825967133
6098825326333
6098825267333
6098825004933
6098824632933
6098824560733
6098824328133
6098824223933
6098824140333
6098823999533
6098823943533
6098823902733
6098787170933
6098787060333
6098693144533
6098692644933
6098692571133
6098690080533
6098690057933
6098689989333
6098629554733
6098614237733
6098612868533
6098608861933
6098541490733
6098539951133
6098539791933
6098517621733
6098516932333
6098516774333
6098516182133
6098370945133
6098329840333
6098329008133
6098328851933
6098244608533
6098244573733
6098230397133
6098230219733
6098229646733
6098162808533
6098162642133
6098159291333
6098159225133
6098158869133
6098147377733
6098143626333
6098143544533
6098142071333
6098140738933
6098139109933
6098139100733
6098078615933
6098078600733
6098068038533
6098067990733
6098061285333
6098061240733
6098061053933
6098061000533
6098059129133
6098059030333
6098058982733
6098058918733
6098058816733
6098058747533
6098058726933
6098057048733
6097992964933
6097979894933
6097979772733
6097979694733
6097976760133
6097975989133
6097975513933
6097975481533
6097974866533
6097974718733
6097971602333
6097971478933
6097971071333
6097914313333
6097913224933
6097913039733
6097896241733
6097893425933
6097892739933
6097892708533
6097892611933
6097868262533
6097868197733
6097868107933
6097868044933
6097867995733
6097867926533
6097867176533
6097833344333
6097833292933
6097832646133
6097832492133
6097832441133
6097832415733
6097793461733
6097789690133
6097789488533
6097789379733
6097789322333
6097731732533
6097731235133
6097731027133
6097730862933
6097706036333
6097705952733
6097705661933
6097705184133
6097705100133
6097644907533
6097644469333
6097643632533
6097628660933
6097628022933
6097627931533
6097598490133
6097598398933
6097588777733
6097588672533
6097588403333
6097524615333
6097524537133
6097524034533
6097519275133
6097516667533
6097516345733
6097514755933
6097514452933
6097513596133
6097506513133
6097506307133
6097505527733
6097505267533
6097503843133
6097502438733
6097500131133
6097498497533
6097498340333
6097498142733
6097496395733
6097439760933
6097415472133
6097326622133
6097326604533
6097132760333
6097132676733
6097121462733
6097114980933
6097052569733
6096893082733
6096892928333
6096868219133
6096867573133
6096860653533
6096783078333
6096783042133
6096730622533
6096576095333
6096575975133
6096486969933
6096400698133
6096397105733
6096397038933
6096310284133
6096232406333
6096144860933
6096019333733
6096019298333
6095953875133
6095953692933
6095953673333
6095847046533
6095769409533
6095667688133
6095665517333
6095664936733
6095575315333
6095574269933
6095376589533
6095312079533
6095312030533
6095253165533
6095251362133
6095202273133
6095129235733
6095120023133
6094997262133
6094906357533
6094905969933
6094822074533
6094752006333
6094742476333
6094742392533
6094740839733
6094622204933
6094620729533
6094555091133
6094383670333
6094378131133
6094364335333
6094230978133
6093949665733
6093949413733
6093949318733
6093680304533
6093343079333
6093245813333
6093164996933
6093164588733
6093080871533
6092786918733
6092743148133
6092738206133
6092656974933
6092582821733
6092502709133
6092490222733
6092443693533
6092441991733
6092441836333
6092437316333
6092431335933
6092431270533
6092426420533
6092199690533
6092096304933
6092041970733
6091970664133
6091930553533
6091716728133
6091562902333
6091307438333
6091178342733
6091099944933
6091094693933
6091048739133
6091003383333
6091002955133
6090983439333
6090970837333
6090970789733
6090970746333
6090968688333
6090939639533
6090916304733
6090861374933
6090843184733
6090804248333
6090611874933
6090530984133
6090495695133
6090479071533
6088927189733
6031638239733
6029758202333
6028325717733
6028325605533
6028325250733
6028325238733
6028323036733
6028322861733
6028322797733
6028322497533
6028322253333
6021182579533